[gd_scene load_steps=2 format=3 uid="uid://v6dfp3jtp4hi"]

[ext_resource type="PackedScene" uid="uid://8donvon65h2o" path="res://Forest/Tree/with_col/tree_1.tscn" id="1_0fwx1"]

[node name="moretree" type="Node3D"]

[node name="Tree_1" parent="." instance=ExtResource("1_0fwx1")]
transform = Transform3D(0.984808, 0, 0.173648, 0, 1, 0, -0.173648, 0, 0.984808, -3.18515, 0, 0)

[node name="Tree_2" parent="." instance=ExtResource("1_0fwx1")]
transform = Transform3D(0.939693, 0, 0.34202, 0, 1, 0, -0.34202, 0, 0.939693, -2.28977, 0, 3.73129)

[node name="Tree_3" parent="." instance=ExtResource("1_0fwx1")]
transform = Transform3D(0.866025, 0, 0.5, 0, 1, 0, -0.5, 0, 0.866025, -1.62153, 0, -4.53096)

[node name="Tree_4" parent="." instance=ExtResource("1_0fwx1")]
transform = Transform3D(0.766044, 0, 0.642788, 0, 1, 0, -0.642788, 0, 0.766044, 3.78285, 0, -3.1115)

[node name="Tree_5" parent="." instance=ExtResource("1_0fwx1")]
transform = Transform3D(0.642788, 0, 0.766044, 0, 1, 0, -0.766044, 0, 0.642788, 2.64216, 0, -7.57602)

[node name="Tree_6" parent="." instance=ExtResource("1_0fwx1")]
transform = Transform3D(0.5, 0, 0.866025, 0, 1, 0, -0.866025, 0, 0.5, 4.01101, 0, 0.920482)

[node name="Tree_7" parent="." instance=ExtResource("1_0fwx1")]
transform = Transform3D(0.34202, 0, 0.939693, 0, 1, 0, -0.939693, 0, 0.34202, 0.570691, 0, 3.54817)

[node name="Tree_8" parent="." instance=ExtResource("1_0fwx1")]
transform = Transform3D(0.173648, 0, 0.984808, 0, 1, 0, -0.984808, 0, 0.173648, -6.7028, 0, 3.20482)

[node name="Tree_9" parent="." instance=ExtResource("1_0fwx1")]
transform = Transform3D(-4.37114e-08, 0, 1, 0, 1, 0, -1, 0, -4.37114e-08, -6.03959, 0, -4.15552)

[node name="Tree_10" parent="." instance=ExtResource("1_0fwx1")]
transform = Transform3D(-0.173648, 0, 0.984808, 0, 1, 0, -0.984808, 0, -0.173648, 6.15726, 0, 4.30117)
